world: 7243ac88-b92b-4d6a-bc8a-eeac6a9eaa5f
world-name: new
x: -77.5424663498582
y: 73.0
z: 0.6428885488537066
yaw: 330.04266357421875
pitch: 65.55001068115234
name: hi
lastowner: 522b1a65-cdd5-348f-bfe3-1448aaffcf22
